xof 0303txt 0032

template XSkinMeshHeader {
  <3cf169ce-ff7c-44ab-93c0-f78f62d172e2>
  WORD nMaxSkinWeightsPerVertex;
  WORD nMaxSkinWeightsPerFace;
  WORD nBones;
}

template SkinWeights {
  <6f0d123b-bad2-4167-a0d0-80224f25fabb>
  STRING transformNodeName;
  DWORD nWeights;
  array DWORD vertexIndices[nWeights];
  array float weights[nWeights];
  Matrix4x4 matrixOffset;
}

Frame Root {
  FrameTransformMatrix {
     1.000000, 0.000000, 0.000000, 0.000000,
     0.000000, 0.000000, 1.000000, 0.000000,
     0.000000, 1.000000,-0.000000, 0.000000,
     0.000000, 0.000000, 0.000000, 1.000000;;
  }
  Frame Armature {
    FrameTransformMatrix {
       0.194126, 0.000000, 0.000000, 0.000000,
       0.000000, 0.194126, 0.000000, 0.000000,
       0.000000, 0.000000, 0.194126, 0.000000,
       0.000000,-0.000000, 1.079996, 1.000000;;
    }
    Frame Armature_l_bicep {
      FrameTransformMatrix {
        -0.258226,-0.000000,-0.966085, 0.000000,
         0.966084, 0.000000,-0.258226, 0.000000,
         0.000000,-1.000000, 0.000000, 0.000000,
         0.815754,-0.000000, 1.619447, 1.000000;;
      }
      Frame Armature_l_forearm {
        FrameTransformMatrix {
           0.260384,-0.002208, 0.965503, 0.000000,
           0.008479, 0.999964, 0.000000, 0.000000,
          -0.965468, 0.008187, 0.260393, 0.000000,
           0.000000, 1.276092, 0.000000, 1.000000;;
        }
      } //End of Armature_l_forearm
    } //End of Armature_l_bicep
    Frame Armature_r_bicep {
      FrameTransformMatrix {
        -0.249398, 0.000000, 0.968401, 0.000000,
        -0.968401, 0.000000,-0.249398, 0.000000,
        -0.000000,-1.000000, 0.000000, 0.000000,
        -0.833902, 0.000000, 1.604523, 1.000000;;
      }
      Frame Armature_r_forearm {
        FrameTransformMatrix {
           0.260593, 0.003022,-0.965444, 0.000000,
          -0.011596, 0.999933, 0.000000, 0.000000,
           0.965379, 0.011195, 0.260611, 0.000000,
          -0.000000, 1.246671,-0.000000, 1.000000;;
        }
      } //End of Armature_r_forearm
    } //End of Armature_r_bicep
    Frame Armature_r_quad {
      FrameTransformMatrix {
        -0.996704, 0.000003, 0.081128, 0.000000,
        -0.081128, 0.000000,-0.996704, 0.000000,
        -0.000003,-1.000000, 0.000000, 0.000000,
        -0.484660,-0.054652,-1.020945, 1.000000;;
      }
      Frame Armature_r_calf {
        FrameTransformMatrix {
           0.998032, 0.022666,-0.058474, 0.000000,
          -0.022705, 0.999742, 0.000000, 0.000000,
           0.058459, 0.001328, 0.998289, 0.000000,
          -0.000000, 1.892118,-0.000000, 1.000000;;
        }
        Frame Armature_r_foot {
          FrameTransformMatrix {
             0.996580, 0.058477, 0.058377, 0.000000,
            -0.060454, 0.034404, 0.997578, 0.000000,
             0.056327,-0.997696, 0.037822, 0.000000,
             0.000000, 2.450027,-0.000000, 1.000000;;
          }
        } //End of Armature_r_foot
      } //End of Armature_r_calf
    } //End of Armature_r_quad
    Frame Armature_l_quad {
      FrameTransformMatrix {
        -0.995817,-0.000001,-0.091368, 0.000000,
         0.091368, 0.000000,-0.995817, 0.000000,
         0.000001,-1.000000,-0.000000, 0.000000,
         0.364730,-0.054652,-1.020945, 1.000000;;
      }
      Frame Armature_l_calf {
        FrameTransformMatrix {
           0.996781,-0.012126, 0.079247, 0.000000,
           0.012164, 0.999926, 0.000000, 0.000000,
          -0.079241, 0.000964, 0.996855, 0.000000,
           0.000000, 1.904079,-0.000000, 1.000000;;
        }
        Frame Armature_l_foot {
          FrameTransformMatrix {
             0.993720,-0.079248,-0.078998, 0.000000,
             0.082633, 0.043679, 0.995622, 0.000000,
            -0.075450,-0.995898, 0.049953, 0.000000,
             0.000000, 2.453551,-0.000000, 1.000000;;
          }
        } //End of Armature_l_foot
      } //End of Armature_l_calf
    } //End of Armature_l_quad
    Frame Armature_r_index_base {
      FrameTransformMatrix {
        -0.187953, 0.000000, 0.982178, 0.000000,
        -0.982178, 0.000003,-0.187954, 0.000000,
        -0.000003,-1.000000,-0.000001, 0.000000,
        -4.139702,-0.000001, 0.848456, 1.000000;;
      }
      Frame Armature_r_index_mid {
        FrameTransformMatrix {
           0.205976, 0.003797,-0.978550, 0.000000,
          -0.018417, 0.999830, 0.000003, 0.000000,
           0.978384, 0.018022, 0.206011, 0.000000,
          -0.000000, 0.125752,-0.000000, 1.000000;;
        }
        Frame Armature_r_index_tip {
          FrameTransformMatrix {
             1.000000, 0.000000,-0.000001, 0.000000,
            -0.000000, 1.000000, 0.000000, 0.000000,
             0.000001, 0.000000, 1.000000, 0.000000,
             0.000000, 0.070896,-0.000000, 1.000000;;
          }
        } //End of Armature_r_index_tip
      } //End of Armature_r_index_mid
    } //End of Armature_r_index_base
    Frame Armature_r_middle_base {
      FrameTransformMatrix {
        -0.217664,-0.000001, 0.976024, 0.000000,
        -0.976024, 0.000003,-0.217664, 0.000000,
        -0.000003,-1.000000,-0.000001, 0.000000,
        -4.110033,-0.000001, 0.750290, 1.000000;;
      }
      Frame Armature_r_middle_mid {
        FrameTransformMatrix {
           0.206026, 0.003798,-0.978539, 0.000000,
          -0.018417, 0.999830, 0.000003, 0.000000,
           0.978373, 0.018021, 0.206061, 0.000000,
           0.000000, 0.145128,-0.000000, 1.000000;;
        }
        Frame Armature_r_middle_tip {
          FrameTransformMatrix {
             1.000000,-0.000000,-0.000001, 0.000000,
            -0.000000, 1.000000,-0.000000, 0.000000,
             0.000001,-0.000000, 1.000000, 0.000000,
            -0.000000, 0.081821, 0.000000, 1.000000;;
          }
        } //End of Armature_r_middle_tip
      } //End of Armature_r_middle_mid
    } //End of Armature_r_middle_base
    Frame Armature_r_ring_base {
      FrameTransformMatrix {
        -0.246731,-0.000000, 0.969084, 0.000000,
        -0.969084, 0.000003,-0.246731, 0.000000,
        -0.000003,-1.000000,-0.000001, 0.000000,
        -4.096056,-0.000001, 0.656349, 1.000000;;
      }
      Frame Armature_r_ring_mid {
        FrameTransformMatrix {
           0.206188, 0.003801,-0.978505, 0.000000,
          -0.018419, 0.999830, 0.000003, 0.000000,
           0.978339, 0.018022, 0.206223, 0.000000,
          -0.000000, 0.122574, 0.000000, 1.000000;;
        }
        Frame Armature_r_ring_tip {
          FrameTransformMatrix {
             1.000000, 0.000000,-0.000001, 0.000000,
             0.000000, 1.000000, 0.000000, 0.000000,
             0.000001, 0.000000, 1.000000, 0.000000,
            -0.000000, 0.069104, 0.000000, 1.000000;;
          }
        } //End of Armature_r_ring_tip
      } //End of Armature_r_ring_mid
    } //End of Armature_r_ring_base
    Frame Armature_r_pinky_base {
      FrameTransformMatrix {
        -0.288567,-0.000000, 0.957460, 0.000000,
        -0.957460, 0.000003,-0.288567, 0.000000,
        -0.000003,-1.000000,-0.000001, 0.000000,
        -4.066125,-0.000001, 0.565513, 1.000000;;
      }
      Frame Armature_r_pinky_mid {
        FrameTransformMatrix {
           0.206616, 0.003809,-0.978415, 0.000000,
          -0.018419, 0.999830, 0.000003, 0.000000,
           0.978249, 0.018021, 0.206651, 0.000000,
           0.000000, 0.082846, 0.000000, 1.000000;;
        }
        Frame Armature_r_pinky_tip {
          FrameTransformMatrix {
             1.000000, 0.000000,-0.000001, 0.000000,
            -0.000000, 1.000000,-0.000000, 0.000000,
             0.000001,-0.000000, 1.000000, 0.000000,
             0.000000, 0.046706, 0.000000, 1.000000;;
          }
        } //End of Armature_r_pinky_tip
      } //End of Armature_r_pinky_mid
    } //End of Armature_r_pinky_base
    Frame Armature_r_thumb_base {
      FrameTransformMatrix {
         0.962858,-0.000003, 0.270009, 0.000000,
        -0.270009, 0.000003, 0.962858, 0.000000,
        -0.000004,-1.000000, 0.000002, 0.000000,
        -3.953564,-0.000001, 0.936938, 1.000000;;
      }
      Frame Armature_r_thumb_tip {
        FrameTransformMatrix {
          -0.957992,-0.016284,-0.286332, 0.000000,
          -0.016996, 0.999855, 0.000003, 0.000000,
           0.286290, 0.004869,-0.958131, 0.000000,
          -0.000000, 0.086316, 0.000000, 1.000000;;
        }
      } //End of Armature_r_thumb_tip
    } //End of Armature_r_thumb_base
    Frame Armature_l_index_base {
      FrameTransformMatrix {
        -0.168291, 0.000000,-0.985737, 0.000000,
         0.985737, 0.000000,-0.168291, 0.000000,
         0.000000,-1.000000,-0.000000, 0.000000,
         4.057780,-0.000001, 0.842807, 1.000000;;
      }
      Frame Armature_l_index_mid {
        FrameTransformMatrix {
           0.246217,-0.009460, 0.969168, 0.000000,
           0.038391, 0.999263, 0.000000, 0.000000,
          -0.968454, 0.037208, 0.246399, 0.000000,
          -0.000000, 0.117848, 0.000000, 1.000000;;
        }
        Frame Armature_l_index_tip {
          FrameTransformMatrix {
             0.999330, 0.002129, 0.036533, 0.000000,
            -0.002488, 0.999949, 0.009787, 0.000000,
            -0.036510,-0.009872, 0.999285, 0.000000,
             0.000000, 0.091873,-0.000000, 1.000000;;
          }
        } //End of Armature_l_index_tip
      } //End of Armature_l_index_mid
    } //End of Armature_l_index_base
    Frame Armature_l_middle_base {
      FrameTransformMatrix {
        -0.240611, 0.000001,-0.970622, 0.000000,
         0.970622, 0.000000,-0.240611, 0.000000,
        -0.000000,-1.000000,-0.000001, 0.000000,
         4.052407,-0.000001, 0.759435, 1.000000;;
      }
      Frame Armature_l_middle_mid {
        FrameTransformMatrix {
           0.246850,-0.009484, 0.969007, 0.000000,
           0.038391, 0.999263, 0.000000, 0.000000,
          -0.968293, 0.037201, 0.247032, 0.000000,
           0.000000, 0.117848, 0.000000, 1.000000;;
        }
        Frame Armature_l_middle_tip {
          FrameTransformMatrix {
             0.999327, 0.002135, 0.036623, 0.000000,
            -0.002495, 0.999949, 0.009786, 0.000000,
            -0.036600,-0.009870, 0.999281, 0.000000,
             0.000000, 0.091874,-0.000000, 1.000000;;
          }
        } //End of Armature_l_middle_tip
      } //End of Armature_l_middle_mid
    } //End of Armature_l_middle_base
    Frame Armature_l_ring_base {
      FrameTransformMatrix {
        -0.261526, 0.000001,-0.965197, 0.000000,
         0.965197, 0.000000,-0.261526, 0.000000,
        -0.000000,-1.000000,-0.000001, 0.000000,
         4.012290,-0.000001, 0.668056, 1.000000;;
      }
      Frame Armature_l_ring_mid {
        FrameTransformMatrix {
           0.246904,-0.009486, 0.968994, 0.000000,
           0.038390, 0.999263, 0.000000, 0.000000,
          -0.968279, 0.037200, 0.247086, 0.000000,
          -0.000000, 0.117848, 0.000000, 1.000000;;
        }
        Frame Armature_l_ring_tip {
          FrameTransformMatrix {
             0.999327, 0.002135, 0.036630, 0.000000,
            -0.002495, 0.999949, 0.009785, 0.000000,
            -0.036607,-0.009870, 0.999281, 0.000000,
            -0.000000, 0.091874, 0.000000, 1.000000;;
          }
        } //End of Armature_l_ring_tip
      } //End of Armature_l_ring_mid
    } //End of Armature_l_ring_base
    Frame Armature_l_pinky_base {
      FrameTransformMatrix {
        -0.261525, 0.000001,-0.965197, 0.000000,
         0.965197, 0.000000,-0.261525, 0.000000,
        -0.000000,-1.000000,-0.000001, 0.000000,
         3.973212,-0.000001, 0.568149, 1.000000;;
      }
      Frame Armature_l_pinky_mid {
        FrameTransformMatrix {
           0.246904,-0.009486, 0.968994, 0.000000,
           0.038389, 0.999263, 0.000000, 0.000000,
          -0.968279, 0.037199, 0.247086, 0.000000,
           0.000000, 0.081679, 0.000000, 1.000000;;
        }
        Frame Armature_l_pinky_tip {
          FrameTransformMatrix {
             0.999327, 0.002135, 0.036630, 0.000000,
            -0.002495, 0.999949, 0.009783, 0.000000,
            -0.036607,-0.009868, 0.999281, 0.000000,
             0.000000, 0.063677,-0.000000, 1.000000;;
          }
        } //End of Armature_l_pinky_tip
      } //End of Armature_l_pinky_mid
    } //End of Armature_l_pinky_base
    Frame Armature_l_thumb_base {
      FrameTransformMatrix {
         0.775930,-0.601444,-0.190259, 0.000000,
         0.238146,-0.000000, 0.971229, 0.000000,
        -0.584140,-0.798915, 0.143231, 0.000000,
         3.891658,-0.000001, 0.918951, 1.000000;;
      }
      Frame Armature_l_thumb_tip {
        FrameTransformMatrix {
           0.992398, 0.007261, 0.122853, 0.000000,
          -0.008068, 0.999949, 0.006073, 0.000000,
          -0.122803,-0.007018, 0.992406, 0.000000,
           0.000000, 0.114939,-0.000000, 1.000000;;
        }
      } //End of Armature_l_thumb_tip
    } //End of Armature_l_thumb_base
    Frame Cube {
      FrameTransformMatrix {
         0.808539, 0.000000, 0.000000, 0.000000,
         0.000000, 0.808577, 0.000000, 0.000000,
         0.000000, 0.000000, 2.883899, 0.000000,
        -0.029842, 0.002291,-1.592958, 1.000000;;
      }
      Mesh { //Cube_001 Mesh
        3600;
         0.000000;-0.752982; 1.393846;,
         0.225458;-0.734506; 1.408288;,
         0.269724;-0.505589; 1.414733;,
         0.000000;-0.503580; 1.389971;,
        -0.269724;-0.505589; 1.414733;,
        -0.225458;-0.734506; 1.408288;,
         0.000000;-0.752982; 1.393846;,
         0.000000;-0.503580; 1.389971;,
         0.000000;-0.969512; 1.411763;,
         0.182873;-0.935191; 1.422962;,
         0.225458;-0.734506; 1.408288;,
         0.000000;-0.752982; 1.393846;,
         0.000000;-0.969512; 1.411763;,
         0.000000;-0.752982; 1.393846;,
        -0.225458;-0.734506; 1.408288;,
        -0.182873;-0.935191; 1.422962;,
         0.225458;-0.734506; 1.408288;,
         0.349710;-0.736375; 1.471431;,
         0.370999;-0.519735; 1.489097;,
         0.269724;-0.505589; 1.414733;,
        -0.225458;-0.734506; 1.408288;,
        -0.269724;-0.505589; 1.414733;,
        -0.370999;-0.519735; 1.489097;,
        -0.349710;-0.736375; 1.471431;,
         0.182873;-0.935191; 1.422962;,
         0.300926;-0.873314; 1.469691;,
         0.349710;-0.736375; 1.471431;,
         0.225458;-0.734506; 1.408288;,
        -0.182873;-0.935191; 1.422962;,
        -0.225458;-0.734506; 1.408288;,
        -0.349710;-0.736375; 1.471431;,
        -0.300926;-0.873314; 1.469691;,
         0.000000;-0.194782; 1.791924;,
         0.201130;-0.209935; 1.781392;,
         0.216303;-0.451042; 1.793272;,
         0.000000;-0.456697; 1.804497;,
         0.000000;-0.194782; 1.791924;,
         0.000000;-0.456697; 1.804497;,
        -0.216303;-0.451042; 1.793272;,
        -0.201130;-0.209935; 1.781392;,
         0.000000; 0.007799; 1.757616;,
         0.186278;-0.021945; 1.749241;,
         0.201130;-0.209935; 1.781392;,
         0.000000;-0.194782; 1.791924;,
         0.000000; 0.007799; 1.757616;,
         0.000000;-0.194782; 1.791924;,
        -0.201130;-0.209935; 1.781392;,
        -0.186278;-0.021945; 1.749241;,
         0.201130;-0.209935; 1.781392;,
         0.371284;-0.224232; 1.750613;,
         0.398940;-0.448182; 1.760170;,
         0.216303;-0.451042; 1.793272;,
        -0.201130;-0.209935; 1.781392;,
        -0.216303;-0.451042; 1.793272;,
        -0.398940;-0.448182; 1.760170;,
        -0.371284;-0.224232; 1.750613;,
         0.186278;-0.021945; 1.749241;,
         0.315711;-0.082677; 1.732791;,
         0.371284;-0.224232; 1.750613;,
         0.201130;-0.209935; 1.781392;,
        -0.186278;-0.021945; 1.749241;,
        -0.201130;-0.209935; 1.781392;,
        -0.371284;-0.224232; 1.750613;,
        -0.315711;-0.082677; 1.732791;,
         0.216303;-0.451042; 1.793272;,
         0.201430;-0.690468; 1.785147;,
         0.000000;-0.710894; 1.796043;,
         0.000000;-0.456697; 1.804497;,
        -0.216303;-0.451042; 1.793272;,
         0.000000;-0.456697; 1.804497;,
         0.000000;-0.710894; 1.796043;,
        -0.201430;-0.690468; 1.785147;,
         0.398940;-0.448182; 1.760170;,
         0.371744;-0.673994; 1.753761;,
         0.201430;-0.690468; 1.785147;,
         0.216303;-0.451042; 1.793272;,
        -0.398940;-0.448182; 1.760170;,
        -0.216303;-0.451042; 1.793272;,
        -0.201430;-0.690468; 1.785147;,
        -0.371744;-0.673994; 1.753761;,
         0.201430;-0.690468; 1.785147;,
         0.186816;-0.880996; 1.757154;,
         0.000000;-0.909025; 1.766482;,
         0.000000;-0.710894; 1.796043;,
        -0.201430;-0.690468; 1.785147;,
         0.000000;-0.710894; 1.796043;,
         0.000000;-0.909025; 1.766482;,
        -0.186816;-0.880996; 1.757154;,
         0.371744;-0.673994; 1.753761;,
         0.316067;-0.823547; 1.738946;,
         0.186816;-0.880996; 1.757154;,
         0.201430;-0.690468; 1.785147;,
        -0.371744;-0.673994; 1.753761;,
        -0.201430;-0.690468; 1.785147;,
        -0.186816;-0.880996; 1.757154;,
        -0.316067;-0.823547; 1.738946;,
         0.480822;-0.218512; 1.636824;,
         0.462910;-0.227231; 1.614760;,
         0.474214;-0.487935; 1.613402;,
         0.493024;-0.481652; 1.637686;,
        -0.480822;-0.218512; 1.636824;,
        -0.493024;-0.481652; 1.637686;,
        -0.474214;-0.487935; 1.613402;,
        -0.462910;-0.227231; 1.614760;,
         0.397674;-0.011337; 1.636436;,
         0.383644;-0.011005; 1.616761;,
         0.462910;-0.227231; 1.614760;,
         0.480822;-0.218512; 1.636824;,
        -0.397674;-0.011337; 1.636436;,
        -0.480822;-0.218512; 1.636824;,
        -0.462910;-0.227231; 1.614760;,
        -0.383644;-0.011005; 1.616761;,
         0.495346;-0.464450; 1.704365;,
         0.468512;-0.222614; 1.698595;,
         0.480822;-0.218512; 1.636824;,
         0.493024;-0.481652; 1.637686;,
        -0.495346;-0.464450; 1.704365;,
        -0.493024;-0.481652; 1.637686;,
        -0.480822;-0.218512; 1.636824;,
        -0.468512;-0.222614; 1.698595;,
         0.398940;-0.448182; 1.760170;,
         0.371284;-0.224232; 1.750613;,
         0.468512;-0.222614; 1.698595;,
         0.495346;-0.464450; 1.704365;,
        -0.398940;-0.448182; 1.760170;,
        -0.495346;-0.464450; 1.704365;,
        -0.468512;-0.222614; 1.698595;,
        -0.371284;-0.224232; 1.750613;,
         0.468512;-0.222614; 1.698595;,
         0.372470;-0.030720; 1.693248;,
         0.397674;-0.011337; 1.636436;,
         0.480822;-0.218512; 1.636824;,
        -0.468512;-0.222614; 1.698595;,
        -0.480822;-0.218512; 1.636824;,
        -0.397674;-0.011337; 1.636436;,
        -0.372470;-0.030720; 1.693248;,
         0.371284;-0.224232; 1.750613;,
         0.315711;-0.082677; 1.732791;,
         0.372470;-0.030720; 1.693248;,
         0.468512;-0.222614; 1.698595;,
        -0.371284;-0.224232; 1.750613;,
        -0.468512;-0.222614; 1.698595;,
        -0.372470;-0.030720; 1.693248;,
        -0.315711;-0.082677; 1.732791;,
         0.463959;-0.734479; 1.640712;,
         0.463356;-0.703051; 1.702243;,
         0.495346;-0.464450; 1.704365;,
         0.493024;-0.481652; 1.637686;,
        -0.463959;-0.734479; 1.640712;,
        -0.493024;-0.481652; 1.637686;,
        -0.495346;-0.464450; 1.704365;,
        -0.463356;-0.703051; 1.702243;,
         0.371959;-0.928938; 1.639087;,
         0.365333;-0.889663; 1.701040;,
         0.463356;-0.703051; 1.702243;,
         0.463959;-0.734479; 1.640712;,
        -0.371959;-0.928938; 1.639087;,
        -0.463959;-0.734479; 1.640712;,
        -0.463356;-0.703051; 1.702243;,
        -0.365333;-0.889663; 1.701040;,
         0.463356;-0.703051; 1.702243;,
         0.371744;-0.673994; 1.753761;,
         0.398940;-0.448182; 1.760170;,
         0.495346;-0.464450; 1.704365;,
        -0.463356;-0.703051; 1.702243;,
        -0.495346;-0.464450; 1.704365;,
        -0.398940;-0.448182; 1.760170;,
        -0.371744;-0.673994; 1.753761;,
         0.365333;-0.889663; 1.701040;,
         0.316067;-0.823547; 1.738946;,
         0.371744;-0.673994; 1.753761;,
         0.463356;-0.703051; 1.702243;,
        -0.365333;-0.889663; 1.701040;,
        -0.463356;-0.703051; 1.702243;,
        -0.371744;-0.673994; 1.753761;,
        -0.316067;-0.823547; 1.738946;,
         0.474214;-0.487935; 1.613402;,
         0.444527;-0.733523; 1.613487;,
         0.463959;-0.734479; 1.640712;,
         0.493024;-0.481652; 1.637686;,
        -0.474214;-0.487935; 1.613402;,
        -0.493024;-0.481652; 1.637686;,
        -0.463959;-0.734479; 1.640712;,
        -0.444527;-0.733523; 1.613487;,
         0.444527;-0.733523; 1.613487;,
         0.358677;-0.924258; 1.605170;,
         0.371959;-0.928938; 1.639087;,
         0.463959;-0.734479; 1.640712;,
        -0.444527;-0.733523; 1.613487;,
        -0.463959;-0.734479; 1.640712;,
        -0.371959;-0.928938; 1.639087;,
        -0.358677;-0.924258; 1.605170;,
         0.212501;-1.047327; 1.629090;,
         0.207075;-1.042085; 1.584796;,
         0.000000;-1.082638; 1.577911;,
         0.000000;-1.087942; 1.625433;,
        -0.212501;-1.047327; 1.629090;,
         0.000000;-1.087942; 1.625433;,
         0.000000;-1.082638; 1.577911;,
        -0.207075;-1.042085; 1.584796;,
         0.371959;-0.928938; 1.639087;,
         0.358677;-0.924258; 1.605170;,
         0.207075;-1.042085; 1.584796;,
         0.212501;-1.047327; 1.629090;,
        -0.371959;-0.928938; 1.639087;,
        -0.212501;-1.047327; 1.629090;,
        -0.207075;-1.042085; 1.584796;,
        -0.358677;-0.924258; 1.605170;,
         0.000000;-1.033833; 1.712812;,
         0.202737;-0.997475; 1.707389;,
         0.212501;-1.047327; 1.629090;,
         0.000000;-1.087942; 1.625433;,
         0.000000;-1.033833; 1.712812;,
         0.000000;-1.087942; 1.625433;,
        -0.212501;-1.047327; 1.629090;,
        -0.202737;-0.997475; 1.707389;,
         0.000000;-0.909025; 1.766482;,
         0.186816;-0.880996; 1.757154;,
         0.202737;-0.997475; 1.707389;,
         0.000000;-1.033833; 1.712812;,
         0.000000;-0.909025; 1.766482;,
         0.000000;-1.033833; 1.712812;,
        -0.202737;-0.997475; 1.707389;,
        -0.186816;-0.880996; 1.757154;,
         0.202737;-0.997475; 1.707389;,
         0.365333;-0.889663; 1.701040;,
         0.371959;-0.928938; 1.639087;,
         0.212501;-1.047327; 1.629090;,
        -0.202737;-0.997475; 1.707389;,
        -0.212501;-1.047327; 1.629090;,
        -0.371959;-0.928938; 1.639087;,
        -0.365333;-0.889663; 1.701040;,
         0.186816;-0.880996; 1.757154;,
         0.316067;-0.823547; 1.738946;,
         0.365333;-0.889663; 1.701040;,
         0.202737;-0.997475; 1.707389;,
        -0.186816;-0.880996; 1.757154;,
        -0.202737;-0.997475; 1.707389;,
        -0.365333;-0.889663; 1.701040;,
        -0.316067;-0.823547; 1.738946;,
         0.219170; 0.102264; 1.636072;,
         0.202412; 0.076580; 1.697207;,
         0.000000; 0.112809; 1.702015;,
         0.000000; 0.139691; 1.636646;,
        -0.219170; 0.102264; 1.636072;,
         0.000000; 0.139691; 1.636646;,
         0.000000; 0.112809; 1.702015;,
        -0.202412; 0.076580; 1.697207;,
         0.397674;-0.011337; 1.636436;,
         0.372470;-0.030720; 1.693248;,
         0.202412; 0.076580; 1.697207;,
         0.219170; 0.102264; 1.636072;,
        -0.397674;-0.011337; 1.636436;,
        -0.219170; 0.102264; 1.636072;,
        -0.202412; 0.076580; 1.697207;,
        -0.372470;-0.030720; 1.693248;,
         0.202412; 0.076580; 1.697207;,
         0.186278;-0.021945; 1.749241;,
         0.000000; 0.007799; 1.757616;,
         0.000000; 0.112809; 1.702015;,
        -0.202412; 0.076580; 1.697207;,
         0.000000; 0.112809; 1.702015;,
         0.000000; 0.007799; 1.757616;,
        -0.186278;-0.021945; 1.749241;,
         0.372470;-0.030720; 1.693248;,
         0.315711;-0.082677; 1.732791;,
         0.186278;-0.021945; 1.749241;,
         0.202412; 0.076580; 1.697207;,
        -0.372470;-0.030720; 1.693248;,
        -0.202412; 0.076580; 1.697207;,
        -0.186278;-0.021945; 1.749241;,
        -0.315711;-0.082677; 1.732791;,
         0.000000; 0.139190; 1.614039;,
         0.211374; 0.107867; 1.615250;,
         0.219170; 0.102264; 1.636072;,
         0.000000; 0.139691; 1.636646;,
         0.000000; 0.139190; 1.614039;,
         0.000000; 0.139691; 1.636646;,
        -0.219170; 0.102264; 1.636072;,
        -0.211374; 0.107867; 1.615250;,
         0.211374; 0.107867; 1.615250;,
         0.383644;-0.011005; 1.616761;,
         0.397674;-0.011337; 1.636436;,
         0.219170; 0.102264; 1.636072;,
        -0.211374; 0.107867; 1.615250;,
        -0.219170; 0.102264; 1.636072;,
        -0.397674;-0.011337; 1.636436;,
        -0.383644;-0.011005; 1.616761;,
         0.159163; 0.077417; 1.526892;,
         0.147706; 0.115575; 1.462465;,
         0.242399; 0.079992; 1.468212;,
         0.289806;-0.007002; 1.545410;,
        -0.159163; 0.077417; 1.526892;,
        -0.289806;-0.007002; 1.545410;,
        -0.242399; 0.079992; 1.468212;,
        -0.147706; 0.115575; 1.462465;,
         0.147706; 0.115575; 1.462465;,
         0.213263; 0.200474; 1.391234;,
         0.311622; 0.139338; 1.398698;,
         0.242399; 0.079992; 1.468212;,
        -0.147706; 0.115575; 1.462465;,
        -0.242399; 0.079992; 1.468212;,
        -0.311622; 0.139338; 1.398698;,
        -0.213263; 0.200474; 1.391234;,
         0.213263; 0.200474; 1.391234;,
         0.344977; 0.409326; 1.316451;,
         0.680183; 0.346114; 1.317821;,
         0.311622; 0.139338; 1.398698;,
        -0.213263; 0.200474; 1.391234;,
        -0.311622; 0.139338; 1.398698;,
        -0.680183; 0.346114; 1.317821;,
        -0.344977; 0.409326; 1.316451;,
         0.000000; 0.099818; 1.522739;,
         0.000000; 0.144084; 1.461857;,
         0.147706; 0.115575; 1.462465;,
         0.159163; 0.077417; 1.526892;,
         0.000000; 0.099818; 1.522739;,
        -0.159163; 0.077417; 1.526892;,
        -0.147706; 0.115575; 1.462465;,
         0.000000; 0.144084; 1.461857;,
         0.000000; 0.144084; 1.461857;,
         0.000000; 0.246125; 1.395154;,
         0.213263; 0.200474; 1.391234;,
         0.147706; 0.115575; 1.462465;,
         0.000000; 0.144084; 1.461857;,
        -0.147706; 0.115575; 1.462465;,
        -0.213263; 0.200474; 1.391234;,
         0.000000; 0.246125; 1.395154;,
         0.000000; 0.246125; 1.395154;,
         0.000000; 0.401026; 1.315843;,
         0.344977; 0.409326; 1.316451;,
         0.213263; 0.200474; 1.391234;,
         0.000000; 0.246125; 1.395154;,
        -0.213263; 0.200474; 1.391234;,
        -0.344977; 0.409326; 1.316451;,
         0.000000; 0.401026; 1.315843;,
         0.289806;-0.007002; 1.545410;,
         0.242399; 0.079992; 1.468212;,
         0.332432;-0.092953; 1.460048;,
         0.338556;-0.238418; 1.522353;,
        -0.289806;-0.007002; 1.545410;,
        -0.338556;-0.238418; 1.522353;,
        -0.332432;-0.092953; 1.460048;,
        -0.242399; 0.079992; 1.468212;,
         0.242399; 0.079992; 1.468212;,
         0.311622; 0.139338; 1.398698;,
         0.347918; 0.000130; 1.414620;,
         0.332432;-0.092953; 1.460048;,
        -0.242399; 0.079992; 1.468212;,
        -0.332432;-0.092953; 1.460048;,
        -0.347918; 0.000130; 1.414620;,
        -0.311622; 0.139338; 1.398698;,
         0.311622; 0.139338; 1.398698;,
         0.680183; 0.346114; 1.317821;,
         0.693440;-0.016138; 1.321028;,
         0.347918; 0.000130; 1.414620;,
        -0.311622; 0.139338; 1.398698;,
        -0.347918; 0.000130; 1.414620;,
        -0.693440;-0.016138; 1.321028;,
        -0.680183; 0.346114; 1.317821;,
         0.338556;-0.238418; 1.522353;,
         0.332432;-0.092953; 1.460048;,
         0.329343;-0.354128; 1.433010;,
         0.370999;-0.519735; 1.489097;,
        -0.338556;-0.238418; 1.522353;,
        -0.370999;-0.519735; 1.489097;,
        -0.329343;-0.354128; 1.433010;,
        -0.332432;-0.092953; 1.460048;,
         0.332432;-0.092953; 1.460048;,
         0.347918; 0.000130; 1.414620;,
         0.324425;-0.281432; 1.393742;,
         0.329343;-0.354128; 1.433010;,
        -0.332432;-0.092953; 1.460048;,
        -0.329343;-0.354128; 1.433010;,
        -0.324425;-0.281432; 1.393742;,
        -0.347918; 0.000130; 1.414620;,
         0.347918; 0.000130; 1.414620;,
         0.693440;-0.016138; 1.321028;,
         0.675142;-0.452288; 1.311817;,
         0.324425;-0.281432; 1.393742;,
        -0.347918; 0.000130; 1.414620;,
        -0.324425;-0.281432; 1.393742;,
        -0.675142;-0.452288; 1.311817;,
        -0.693440;-0.016138; 1.321028;,
         0.370999;-0.519735; 1.489097;,
         0.329343;-0.354128; 1.433010;,
         0.249910;-0.390613; 1.400491;,
         0.269724;-0.505589; 1.414733;,
        -0.370999;-0.519735; 1.489097;,
        -0.269724;-0.505589; 1.414733;,
        -0.249910;-0.390613; 1.400491;,
        -0.329343;-0.354128; 1.433010;,
         0.329343;-0.354128; 1.433010;,
         0.324425;-0.281432; 1.393742;,
         0.296065;-0.397157; 1.359859;,
         0.249910;-0.390613; 1.400491;,
        -0.329343;-0.354128; 1.433010;,
        -0.249910;-0.390613; 1.400491;,
        -0.296065;-0.397157; 1.359859;,
        -0.324425;-0.281432; 1.393742;,
         0.324425;-0.281432; 1.393742;,
         0.675142;-0.452288; 1.311817;,
         0.344123;-0.524838; 1.319339;,
         0.296065;-0.397157; 1.359859;,
        -0.324425;-0.281432; 1.393742;,
        -0.296065;-0.397157; 1.359859;,
        -0.344123;-0.524838; 1.319339;,
        -0.675142;-0.452288; 1.311817;,
         0.269724;-0.505589; 1.414733;,
         0.249910;-0.390613; 1.400491;,
         0.000000;-0.461467; 1.372382;,
         0.000000;-0.503580; 1.389971;,
         0.000000;-0.461467; 1.372382;,
        -0.249910;-0.390613; 1.400491;,
        -0.269724;-0.505589; 1.414733;,
         0.000000;-0.503580; 1.389971;,
         0.249910;-0.390613; 1.400491;,
         0.296065;-0.397157; 1.359859;,
         0.000000;-0.492153; 1.330819;,
         0.000000;-0.461467; 1.372382;,
        -0.249910;-0.390613; 1.400491;,
         0.000000;-0.461467; 1.372382;,
         0.000000;-0.492153; 1.330819;,
        -0.296065;-0.397157; 1.359859;,
         0.296065;-0.397157; 1.359859;,
         0.344123;-0.524838; 1.319339;,
         0.000000;-0.514813; 1.321066;,
         0.000000;-0.492153; 1.330819;,
        -0.296065;-0.397157; 1.359859;,
         0.000000;-0.492153; 1.330819;,
         0.000000;-0.514813; 1.321066;,
        -0.344123;-0.524838; 1.319339;,
         0.462910;-0.227231; 1.614760;,
         0.401516;-0.232443; 1.568132;,
         0.424186;-0.503066; 1.550394;,
         0.474214;-0.487935; 1.613402;,
        -0.462910;-0.227231; 1.614760;,
        -0.474214;-0.487935; 1.613402;,
        -0.424186;-0.503066; 1.550394;,
        -0.401516;-0.232443; 1.568132;,
         0.401516;-0.232443; 1.568132;,
         0.338556;-0.238418; 1.522353;,
         0.370999;-0.519735; 1.489097;,
         0.424186;-0.503066; 1.550394;,
        -0.401516;-0.232443; 1.568132;,
        -0.424186;-0.503066; 1.550394;,
        -0.370999;-0.519735; 1.489097;,
        -0.338556;-0.238418; 1.522353;,
         0.383644;-0.011005; 1.616761;,
         0.337072;-0.008834; 1.580898;,
         0.401516;-0.232443; 1.568132;,
         0.462910;-0.227231; 1.614760;,
        -0.383644;-0.011005; 1.616761;,
        -0.462910;-0.227231; 1.614760;,
        -0.401516;-0.232443; 1.568132;,
        -0.337072;-0.008834; 1.580898;,
         0.337072;-0.008834; 1.580898;,
         0.289806;-0.007002; 1.545410;,
         0.338556;-0.238418; 1.522353;,
         0.401516;-0.232443; 1.568132;,
        -0.337072;-0.008834; 1.580898;,
        -0.401516;-0.232443; 1.568132;,
        -0.338556;-0.238418; 1.522353;,
        -0.289806;-0.007002; 1.545410;,
         0.474214;-0.487935; 1.613402;,
         0.424186;-0.503066; 1.550394;,
         0.398850;-0.734106; 1.541521;,
         0.444527;-0.733523; 1.613487;,
        -0.474214;-0.487935; 1.613402;,
        -0.444527;-0.733523; 1.613487;,
        -0.398850;-0.734106; 1.541521;,
        -0.424186;-0.503066; 1.550394;,
         0.424186;-0.503066; 1.550394;,
         0.370999;-0.519735; 1.489097;,
         0.349710;-0.736375; 1.471431;,
         0.398850;-0.734106; 1.541521;,
        -0.424186;-0.503066; 1.550394;,
        -0.398850;-0.734106; 1.541521;,
        -0.349710;-0.736375; 1.471431;,
        -0.370999;-0.519735; 1.489097;,
         0.444527;-0.733523; 1.613487;,
         0.398850;-0.734106; 1.541521;,
         0.331096;-0.898163; 1.536726;,
         0.358677;-0.924258; 1.605170;,
        -0.444527;-0.733523; 1.613487;,
        -0.358677;-0.924258; 1.605170;,
        -0.331096;-0.898163; 1.536726;,
        -0.398850;-0.734106; 1.541521;,
         0.398850;-0.734106; 1.541521;,
         0.349710;-0.736375; 1.471431;,
         0.300926;-0.873314; 1.469691;,
         0.331096;-0.898163; 1.536726;,
        -0.398850;-0.734106; 1.541521;,
        -0.331096;-0.898163; 1.536726;,
        -0.300926;-0.873314; 1.469691;,
        -0.349710;-0.736375; 1.471431;,
         0.207075;-1.042085; 1.584796;,
         0.196436;-0.992343; 1.501167;,
         0.000000;-1.028895; 1.492751;,
         0.000000;-1.082638; 1.577911;,
        -0.207075;-1.042085; 1.584796;,
         0.000000;-1.082638; 1.577911;,
         0.000000;-1.028895; 1.492751;,
        -0.196436;-0.992343; 1.501167;,
         0.196436;-0.992343; 1.501167;,
         0.182873;-0.935191; 1.422962;,
         0.000000;-0.969512; 1.411763;,
         0.000000;-1.028895; 1.492751;,
        -0.196436;-0.992343; 1.501167;,
         0.000000;-1.028895; 1.492751;,
         0.000000;-0.969512; 1.411763;,
        -0.182873;-0.935191; 1.422962;,
         0.358677;-0.924258; 1.605170;,
         0.331096;-0.898163; 1.536726;,
         0.196436;-0.992343; 1.501167;,
         0.207075;-1.042085; 1.584796;,
        -0.358677;-0.924258; 1.605170;,
        -0.207075;-1.042085; 1.584796;,
        -0.196436;-0.992343; 1.501167;,
        -0.331096;-0.898163; 1.536726;,
         0.331096;-0.898163; 1.536726;,
         0.300926;-0.873314; 1.469691;,
         0.182873;-0.935191; 1.422962;,
         0.196436;-0.992343; 1.501167;,
        -0.331096;-0.898163; 1.536726;,
        -0.196436;-0.992343; 1.501167;,
        -0.182873;-0.935191; 1.422962;,
        -0.300926;-0.873314; 1.469691;,
         0.000000; 0.139190; 1.614039;,
         0.000000; 0.125020; 1.568407;,
         0.187391; 0.097965; 1.571009;,
         0.211374; 0.107867; 1.615250;,
         0.000000; 0.139190; 1.614039;,
        -0.211374; 0.107867; 1.615250;,
        -0.187391; 0.097965; 1.571009;,
         0.000000; 0.125020; 1.568407;,
         0.000000; 0.125020; 1.568407;,
         0.000000; 0.099818; 1.522739;,
         0.159163; 0.077417; 1.526892;,
         0.187391; 0.097965; 1.571009;,
         0.000000; 0.125020; 1.568407;,
        -0.187391; 0.097965; 1.571009;,
        -0.159163; 0.077417; 1.526892;,
         0.000000; 0.099818; 1.522739;,
         0.211374; 0.107867; 1.615250;,
         0.187391; 0.097965; 1.571009;,
         0.337072;-0.008834; 1.580898;,
         0.383644;-0.011005; 1.616761;,
        -0.211374; 0.107867; 1.615250;,
        -0.383644;-0.011005; 1.616761;,
        -0.337072;-0.008834; 1.580898;,
        -0.187391; 0.097965; 1.571009;,
         0.187391; 0.097965; 1.571009;,
         0.159163; 0.077417; 1.526892;,
         0.289806;-0.007002; 1.545410;,
         0.337072;-0.008834; 1.580898;,
        -0.187391; 0.097965; 1.571009;,
        -0.337072;-0.008834; 1.580898;,
        -0.289806;-0.007002; 1.545410;,
        -0.159163; 0.077417; 1.526892;,
         1.076868;-0.590199; 0.995121;,
         1.085998;-0.008882; 0.949114;,
         1.000000;-0.008882; 0.900904;,
         0.897510;-0.794785; 0.943347;,
        -1.076868;-0.590199; 0.995121;,
        -0.897510;-0.794785; 0.943347;,
        -1.000000;-0.008882; 0.900904;,
        -1.085998;-0.008882; 0.949114;,
         1.085998;-0.008882; 0.949114;,
         1.077362; 0.572076; 0.995200;,
         0.910794; 0.488251; 0.923036;,
         1.000000;-0.008882; 0.900904;,
        -1.085998;-0.008882; 0.949114;,
        -1.000000;-0.008882; 0.900904;,
        -0.910794; 0.488251; 0.923036;,
        -1.077362; 0.572076; 0.995200;,
         1.099549; 0.435446; 1.253961;,
         1.164020;-0.006449; 1.277663;,
         0.969094;-0.001676; 1.301577;,
         0.847362; 0.476014; 1.268558;,
        -1.099549; 0.435446; 1.253961;,
        -0.847362; 0.476014; 1.268558;,
        -0.969094;-0.001676; 1.301577;,
        -1.164020;-0.006449; 1.277663;,
         1.164020;-0.006449; 1.277663;,
         1.105916;-0.494856; 1.250393;,
         0.939287;-0.610194; 1.269383;,
         0.969094;-0.001676; 1.301577;,
        -1.164020;-0.006449; 1.277663;,
        -0.969094;-0.001676; 1.301577;,
        -0.939287;-0.610194; 1.269383;,
        -1.105916;-0.494856; 1.250393;,
         2.612711;-0.008539; 1.093843;,
         3.237045;-0.014211; 1.045659;,
         3.206823;-0.278630; 1.012494;,
         2.586626;-0.242576; 1.064894;,
        -2.612711;-0.008539; 1.093843;,
        -2.586626;-0.242576; 1.064894;,
        -3.206823;-0.278630; 1.012494;,
        -3.237045;-0.014211; 1.045659;,
         3.237045;-0.014211; 1.045659;,
         4.648455;-0.009401; 0.886811;,
         4.634469;-0.104987; 0.870409;,
         3.206823;-0.278630; 1.012494;,
        -3.237045;-0.014211; 1.045659;,
        -3.206823;-0.278630; 1.012494;,
        -4.634469;-0.104987; 0.870409;,
        -4.648455;-0.009401; 0.886811;,
         2.587885; 0.202960; 1.070812;,
         3.208082; 0.227670; 1.018412;,
         3.237045;-0.014211; 1.045659;,
         2.612711;-0.008539; 1.093843;,
        -2.587885; 0.202960; 1.070812;,
        -2.612711;-0.008539; 1.093843;,
        -3.237045;-0.014211; 1.045659;,
        -3.208082; 0.227670; 1.018412;,
         3.208082; 0.227670; 1.018412;,
         4.635612; 0.072338; 0.875783;,
         4.648455;-0.009401; 0.886811;,
         3.237045;-0.014211; 1.045659;,
        -3.208082; 0.227670; 1.018412;,
        -3.237045;-0.014211; 1.045659;,
        -4.648455;-0.009401; 0.886811;,
        -4.635612; 0.072338; 0.875783;,
         2.450534;-0.256137; 0.932625;,
         3.063596;-0.291105; 0.875381;,
         3.031522;-0.008539; 0.838627;,
         2.423923;-0.008539; 0.901439;,
        -2.450534;-0.256137; 0.932625;,
        -2.423923;-0.008539; 0.901439;,
        -3.031522;-0.008539; 0.838627;,
        -3.063596;-0.291105; 0.875381;,
         3.063596;-0.291105; 0.875381;,
         4.555030;-0.106040; 0.795287;,
         4.543674;-0.009401; 0.780023;,
         3.031522;-0.008539; 0.838627;,
        -3.063596;-0.291105; 0.875381;,
        -3.031522;-0.008539; 0.838627;,
        -4.543674;-0.009401; 0.780023;,
        -4.555030;-0.106040; 0.795287;,
         2.423923;-0.008539; 0.901439;,
         3.031522;-0.008539; 0.838627;,
         3.061867; 0.278686; 0.870551;,
         2.448805; 0.243718; 0.927796;,
        -2.423923;-0.008539; 0.901439;,
        -2.448805; 0.243718; 0.927796;,
